0
0
1
1
2
3
4
5
5
5
5
5
5
5
5
5
5
5
5
5
6
7
8
9
10
10
10
11
11
11
1
2
2
3
4
5
5
6
7
8
8
8
9
10
11
12
12
12
13
13
13
14
15
16
17
17
17
18
19
19
0
1
1
2
3
4
5
5
6
6
7
8
9
10
11
11
11
12
13
13
13
14
15
16
17
17
17
17
17
17
0
1
2
3
4
4
5
5
5
5
5
6
7
8
9
10
10
11
12
13
14
15
15
16
17
18
19
19
19
19
1
2
3
3
3
4
5
5
6
7
7
8
8
9
9
9
9
9
10
11
12
12
13
13
13
14
15
16
17
18
1
2
3
4
5
6
7
8
9
9
9
9
10
10
10
10
11
11
11
12
12
12
13
14
15
15
15
15
15
15
0
1
2
2
3
4
4
4
4
4
5
6
6
7
8
9
10
11
12
13
14
15
16
17
18
19
20
21
22
23
1
2
3
4
5
6
7
8
9
10
11
12
13
14
15
16
17
17
18
19
20
20
21
22
23
24
25
26
27
28
1
2
2
3
4
5
5
5
5
5
5
5
5
5
6
6
7
8
9
10
11
12
13
14
14
14
14
15
15
16
1
2
2
2
2
3
4
5
6
7
8
9
10
11
12
13
14
15
15
15
16
17
18
19
20
21
22
23
24
25
0
1
2
3
4
5
5
6
7
8
8
9
10
11
12
13
14
14
15
16
17
18
19
20
21
22
22
23
24
24
1
2
3
4
5
6
7
8
9
10
11
12
13
14
15
16
17
18
19
19
20
21
22
23
24
25
26
27
28
29
0
1
1
1
2
3
4
5
6
7
8
9
10
11
12
13
14
15
16
17
18
19
20
20
20
21
22
22
22
23
24
25
26
